
Column 1: T_eff (K)
Column 2: log g
Column 3: "sigma_multiplier" = m(m-1)/12

 3500.0  1.500  2.66409624e+01
 3750.0  1.500  1.13332288e+01
 4000.0  1.500  4.95681496e+00
 4250.0  1.500  2.72295685e+00
 4500.0  1.500  2.11231713e+00
 4750.0  1.500  2.21046995e+00
 5000.0  1.500  1.80245625e+00
 5250.0  1.500  1.55380767e+00
 5500.0  1.500  1.48485004e+00
 5750.0  1.500  1.31429072e+00
 6000.0  1.500  1.32681017e+00
 6250.0  1.500  1.39089133e+00
 6500.0  1.500  1.29288008e+00
 6750.0  1.500  1.10223713e+00
 7000.0  1.500  9.85097384e-01
 7250.0  1.500  9.39398821e-01
 7500.0  1.500  7.57305580e-01
 7750.0  1.500  5.68759525e-01
 8000.0  1.500  4.19885933e-01
 8250.0  1.500  3.47362044e-01
 8500.0  1.500  4.09510314e-01
 8750.0  1.500  2.79134005e-01
 9000.0  1.500  4.09982212e-02

 3500.0  2.000  2.75354932e+01
 3750.0  2.000  1.18398640e+01
 4000.0  2.000  5.14658199e+00
 4250.0  2.000  2.74519588e+00
 4500.0  2.000  2.10179308e+00
 4750.0  2.000  2.18754370e+00
 5000.0  2.000  1.77471168e+00
 5250.0  2.000  1.53132672e+00
 5500.0  2.000  1.46453722e+00
 5750.0  2.000  1.29835658e+00
 6000.0  2.000  1.29621952e+00
 6250.0  2.000  1.35813586e+00
 6500.0  2.000  1.30981285e+00
 6750.0  2.000  1.14901993e+00
 7000.0  2.000  1.02688258e+00
 7250.0  2.000  9.79130634e-01
 7500.0  2.000  7.85958066e-01
 7750.0  2.000  5.96691361e-01
 8000.0  2.000  4.58251327e-01
 8250.0  2.000  3.88110403e-01
 8500.0  2.000  3.83709774e-01
 8750.0  2.000  3.29749215e-01
 9000.0  2.000  2.46581152e-01

 3500.0  2.500  2.79952747e+01
 3750.0  2.500  1.22242988e+01
 4000.0  2.500  5.35336976e+00
 4250.0  2.500  2.79808346e+00
 4500.0  2.500  2.09281262e+00
 4750.0  2.500  2.16586420e+00
 5000.0  2.500  1.75507208e+00
 5250.0  2.500  1.51103317e+00
 5500.0  2.500  1.44404543e+00
 5750.0  2.500  1.27842823e+00
 6000.0  2.500  1.28042290e+00
 6250.0  2.500  1.32761253e+00
 6500.0  2.500  1.27111662e+00
 6750.0  2.500  1.15287747e+00
 7000.0  2.500  1.07322388e+00
 7250.0  2.500  1.03477969e+00
 7500.0  2.500  8.29887130e-01
 7750.0  2.500  6.25961088e-01
 8000.0  2.500  4.83230246e-01
 8250.0  2.500  4.14201860e-01
 8500.0  2.500  4.09862493e-01
 8750.0  2.500  3.41534220e-01
 9000.0  2.500  2.51546563e-01

 3500.0  3.000  7.87766138e+00
 3750.0  3.000  7.08464334e+00
 4000.0  3.000  4.44238323e+00
 4250.0  3.000  2.34548996e+00
 4500.0  3.000  2.16069624e+00
 4750.0  3.000  2.16046321e+00
 5000.0  3.000  1.74267141e+00
 5250.0  3.000  1.49474552e+00
 5500.0  3.000  1.42330248e+00
 5750.0  3.000  1.25803903e+00
 6000.0  3.000  1.26051875e+00
 6250.0  3.000  1.30732466e+00
 6500.0  3.000  1.24011735e+00
 6750.0  3.000  1.10637427e+00
 7000.0  3.000  1.06893858e+00
 7250.0  3.000  1.08828908e+00
 7500.0  3.000  8.77214599e-01
 7750.0  3.000  6.59223671e-01
 8000.0  3.000  5.14178447e-01
 8250.0  3.000  4.43846759e-01
 8500.0  3.000  4.34851480e-01
 8750.0  3.000  3.54605432e-01
 9000.0  3.000  2.55547634e-01

 3500.0  3.500  8.04848563e+00
 3750.0  3.500  5.52696083e+00
 4000.0  3.500  4.40264418e+00
 4250.0  3.500  2.40405476e+00
 4500.0  3.500  2.17532394e+00
 4750.0  3.500  2.16233278e+00
 5000.0  3.500  1.73595606e+00
 5250.0  3.500  1.48263313e+00
 5500.0  3.500  1.40653695e+00
 5750.0  3.500  1.23869803e+00
 6000.0  3.500  1.23761591e+00
 6250.0  3.500  1.27921263e+00
 6500.0  3.500  1.21341168e+00
 6750.0  3.500  1.07948248e+00
 7000.0  3.500  1.02948892e+00
 7250.0  3.500  1.07377373e+00
 7500.0  3.500  9.14707627e-01
 7750.0  3.500  7.03681954e-01
 8000.0  3.500  5.44051853e-01
 8250.0  3.500  4.76140088e-01
 8500.0  3.500  4.70933933e-01
 8750.0  3.500  3.77756670e-01
 9000.0  3.500  2.64630785e-01

 3500.0  4.000  6.45057747e+00
 3750.0  4.000  4.07351829e+00
 4000.0  4.000  3.76564581e+00
 4250.0  4.000  2.38657076e+00
 4500.0  4.000  2.20605381e+00
 4750.0  4.000  2.17361440e+00
 5000.0  4.000  1.73613408e+00
 5250.0  4.000  1.47789795e+00
 5500.0  4.000  1.39396599e+00
 5750.0  4.000  1.21837186e+00
 6000.0  4.000  1.21214854e+00
 6250.0  4.000  1.24917573e+00
 6500.0  4.000  1.17994539e+00
 6750.0  4.000  1.04664368e+00
 7000.0  4.000  1.00652056e+00
 7250.0  4.000  1.04376435e+00
 7500.0  4.000  8.89066241e-01
 7750.0  4.000  7.25346180e-01
 8000.0  4.000  5.85698551e-01
 8250.0  4.000  5.10200033e-01
 8500.0  4.000  5.10233118e-01
 8750.0  4.000  4.13429696e-01
 9000.0  4.000  2.84770931e-01

 3500.0  4.500  5.31283286e+00
 3750.0  4.500  3.64313831e+00
 4000.0  4.500  3.10362825e+00
 4250.0  4.500  2.17045640e+00
 4500.0  4.500  2.20116710e+00
 4750.0  4.500  2.18604631e+00
 5000.0  4.500  1.74739110e+00
 5250.0  4.500  1.48070289e+00
 5500.0  4.500  1.38695611e+00
 5750.0  4.500  1.20189474e+00
 6000.0  4.500  1.18873873e+00
 6250.0  4.500  1.21685388e+00
 6500.0  4.500  1.13997833e+00
 6750.0  4.500  1.00555661e+00
 7000.0  4.500  9.74858460e-01
 7250.0  4.500  1.02614193e+00
 7500.0  4.500  8.62506544e-01
 7750.0  4.500  6.92231675e-01
 8000.0  4.500  5.90598472e-01
 8250.0  4.500  5.57340236e-01
 8500.0  4.500  5.56777950e-01
 8750.0  4.500  4.49174661e-01
 9000.0  4.500  3.16541943e-01

 3500.0  5.000  4.93920632e+00
 3750.0  5.000  3.60445739e+00
 4000.0  5.000  2.86676141e+00
 4250.0  5.000  1.90965457e+00
 4500.0  5.000  2.10334880e+00
 4750.0  5.000  2.19136483e+00
 5000.0  5.000  1.76448242e+00
 5250.0  5.000  1.49165300e+00
 5500.0  5.000  1.38855150e+00
 5750.0  5.000  1.19237147e+00
 6000.0  5.000  1.16739239e+00
 6250.0  5.000  1.18549847e+00
 6500.0  5.000  1.10003776e+00
 6750.0  5.000  9.62442411e-01
 7000.0  5.000  9.35870899e-01
 7250.0  5.000  9.95332038e-01
 7500.0  5.000  8.37700839e-01
 7750.0  5.000  6.65796583e-01
 8000.0  5.000  5.63243670e-01
 8250.0  5.000  5.61083944e-01
 8500.0  5.000  6.14921475e-01
 8750.0  5.000  4.87427202e-01
 9000.0  5.000  3.38940183e-01

